=== 198 NEFFs profiled ===

neff            cnt    tot_us    wtot_us  gpsimd%  tensor%  vector%    dma%
006467d415415f    1      13.0       13.0     28.4     14.8     12.6    10.4
01f8db98365808    1      14.6       14.6     27.2     13.2     16.6     7.1
05686f78282640    1     351.8      351.8     79.5      0.5     19.5    70.5
06cb7d323a2e5e    1      13.2       13.2     30.8     15.0     15.8     5.5
077818e5821eac    1      42.3       42.3     20.0     47.4     24.7    21.6
07bde524082d68    1      12.9       12.9     28.9     17.8     14.4     7.9
08f2d45081cc7b    1      15.2       15.2     32.5     13.1     15.8    14.0
09a8a2a1f76427    1      14.3       14.3     32.4     13.5     14.1    11.2
0a2eb73bd9a4a7    1     656.0      656.0      2.1     15.0     14.3    85.3
0b9b7f49256954    1      19.4       19.4     47.1      9.9     18.2    34.0
0d2ba1c3496440    1      17.0       17.0     29.6     11.4     18.1    15.1
0e25b6843ec59d    1      17.5       17.5     20.0     15.4     11.9     7.0
0e2d2e4462bf7f    1     253.3      253.3     78.3      0.8     18.1    46.9
0fe67c956ba131    1      25.0       25.0     38.8      7.7     21.4    23.7
10b11cdfc621d6    1      18.2       18.2     33.6     29.8     18.1    13.5
11ae9950274080    1      15.8       15.8     33.0     12.2     22.3    12.1
126ad3534788fc    1      16.5       16.5     41.0     11.7      9.9    28.0
159bfe113096b1    1      20.5       20.5     19.5     12.1     10.1     4.4
166f4d0a800187    1      16.9       16.9     35.7     26.4     18.1    11.2
1999cb582d80c2    1      14.5       14.5     31.4     13.3     15.1    13.8
1b7bc40e9fb0d3    1      17.4       17.4     32.3     11.0      9.4    31.9
1ba340bb54797e    1   57019.0    57019.0     68.6      3.5      1.0    18.3
1f535abb26d332    1      16.6       16.6     22.7     13.8     12.4     4.0
1f9b373c0be485    1      13.2       13.2     35.4     18.6     15.7     7.6
208439c4a4ec7a    1      12.8       12.8     35.5     15.0     15.1     6.1
20c03feeb93fff    1      12.8       12.8     35.1     15.1     14.9     4.4
20d7bf5b04f725    1   32209.5    32209.5     75.4      0.9      0.7    13.1
22dc2ab4ccad24    1      12.8       12.8     25.6     15.1     12.8    23.3
247e6e27d99421    1      12.4       12.4     38.3     16.0     14.7     7.3
24c196c76a1275    1      13.3       13.3     31.1     14.9     15.9     8.5
261393b351c3d7    1      16.3       16.3     30.9     11.9     10.9    16.1
2878c7012fcf33    1      14.7       14.7     27.7     13.2     17.7     8.1
28f9e7442f233a    1      17.0       17.0     29.4     19.3     10.9    16.2
2c0c71d5493238    1      35.8       35.8     20.7     50.8     24.5     9.3
2cd5b39e1c5cc4    1    2647.4     2647.4      2.0     24.7     12.9    46.7
2f2b173f86161b    1      13.7       13.7     34.7     20.2     15.5     7.6
30791df81a23c8    1      13.3       13.3     30.3     14.5     14.4     8.1
30b03bd8a2177a    1      15.2       15.2     27.7     12.7     14.8     9.7
30b355b2b5f4d0    1      14.3       14.3     36.6     13.5     11.5    19.9
31730ac6f155b2    1      12.3       12.3     37.1     15.7     13.3     5.7
354188e28b4a20    1      32.8       32.8     28.5     23.2     13.5    52.0
3576b7997fe2ed    1      14.2       14.2     30.4     13.6     14.5    12.9
359a58d1c28b2e    1      37.1       37.1     47.0      5.2     22.3    32.0
376c9321c2e16f    1    2503.4     2503.4     80.7      0.1     15.5    47.5
37da504a478354    1      12.8       12.8     35.9     15.1     12.8    11.2
37dfa4cce13354    1      14.4       14.4     28.9     13.5     15.4     5.3
383c91299da5e6    1   23428.1    23428.1     75.0      2.9      1.4    12.0
415a670cc26d37    1      13.3       13.3     30.0     14.5     14.2     6.2
41bba3b3ecf1f3    1      22.6       22.6     17.8     17.6     11.9    11.1
422b19a899f549    1      14.8       14.8     49.6     13.0     11.1    21.7
42c1bd9f75faa9    1       9.2        9.2      8.1      9.3      9.4     2.3
451e6dbf3982d9    1      22.9       22.9     67.1      8.4     22.7    47.7
45ba8c450ad85b    1      14.4       14.4     36.7     13.4     11.8    19.8
45bfefdc4bd95a    1      15.9       15.9     34.5     12.2     16.4    14.3
4674754cf84451    1      12.9       12.9     28.5     14.9     12.7     9.4
472b4b0bf9d000    1    8433.2     8433.2      1.1     52.3     18.5    50.0
490daeda8cbc34    1      12.9       12.9     36.1     14.9     12.7     7.7
491a62603e60ca    1      11.3       11.3     25.0     17.1     16.5     3.7
4a1fedcf0a639f    1      18.8       18.8     26.2     23.3     11.1    16.3
4b1fe1261d5308    1      66.9       66.9     16.4     64.6     29.0    11.5
4ca181556cbc99    1      14.6       14.6     29.1     19.2     13.2     9.3
4d4f8223b5e6ef    1      12.9       12.9     37.8     15.1     13.8    10.5
52a5826e995a96    1  764373.8   764373.8     63.2      7.1     12.9    25.2
5340792c87d646    1      37.1       37.1     54.5     25.3     30.2    45.8
53e946f1f6414c    1      32.2       32.2     25.6     36.5     26.2    28.0
591b15800d562e    1      12.8       12.8     27.2     15.5     14.4    24.2
59cde365225b6e    1      16.2       16.2     36.2     12.1     16.0    12.9
59ce51391965c2    1    1334.1     1334.1      1.0     15.4     14.7    87.9
59f32a496c5628    1      14.4       14.4     27.9     13.4     16.8     6.8
5a198f4c2d518e    1      13.0       13.0     35.4     14.8     14.6     5.5
5aa298aae83a55    1      12.8       12.8     28.7     15.1     18.7    12.0
5ab1bb83e9af25    1      20.2       20.2     25.2     18.0     17.7    19.5
5b08b1a82aa42c    1      28.7       28.7     45.0     22.0     24.6    35.9
5cb7c4b3d9dc47    1      44.3       44.3     36.9     38.9     13.9    51.7
5cc399d3fe1b28    1     171.5      171.5     77.6      1.1     20.6    67.5
5dad60b3ab752f    1   14626.5    14626.5     75.0      1.1      1.1    14.1
5e27d54b7183de    1      11.7       11.7     22.4     16.5     14.0    20.7
5e4d377f792ef0    1      13.4       13.4     24.4     14.3     12.3    29.8
5eef707febb2ac    1      13.1       13.1     26.5     14.8     12.6     9.1
60145f0c0075b6    1      14.3       14.3     27.3     13.5     14.4     6.4
60b0cd6b1bce2a    1      14.1       14.1     27.7     13.7     13.2     4.0
62066bb7e422e5    1      11.2       11.2     25.2     17.3     16.8     3.9
623d385eda4d32    1      13.4       13.4     31.0     14.9     15.6     5.7
64ab3b25a75984    1      11.6       11.6     22.7     16.6     14.2    20.8
6530452d4ecf70    1      20.2       20.2     61.2      9.6     28.9    38.3
658e1b79f6a614    1      14.3       14.3     31.7     13.5     14.6    12.3
6646a504b24d78    1      14.0       14.0     28.0     13.8     13.3     3.8
6bd210aa6a9b6f    1   61720.7    61720.7     75.5      2.3      0.7    11.1
6dc90db9b08981    1      17.8       17.8     23.6     16.9     10.8    13.7
6f33ac63526f80    1      23.9       23.9     31.2     24.6     11.3    34.1
7004e59f2035a1    1      16.4       16.4     23.4     11.8     15.0    11.0
70e3bb8069d35b    1      13.9       13.9     28.2     13.9     11.8     4.4
73a0c833121aa0    1     186.0      186.0      9.8     86.9     40.4     9.2
7522dd6a1f0e1f    1      21.2       21.2     55.6      9.1     22.8    36.6
75fb4b6fa0e5ac    1     116.9      116.9      7.4     75.4     25.1     6.1
7630ba5239b6f9    1      11.9       11.9     22.2     16.3     13.9    20.6
763860ddf4f4ce    1      12.8       12.8     36.4     15.1     12.9    10.0
778a336cc0d70c    1  380733.4   380733.4     75.3      2.6      1.6    12.2
7a495139acfa96    1      15.9       15.9     19.1     13.7     12.7     2.8
7aa21de53a5cb7    1      12.2       12.2     28.9     15.8     17.9     8.0
7c25a32436cedf    1      14.3       14.3     27.6     13.5     14.6     5.8
7d504cbb987828    1      30.4       30.4     27.5     39.0     24.5    27.7
831878710c9629    1     636.6      636.6     42.8     10.4     18.8    48.7
847575b5a846c4    1      15.2       15.2     31.5     18.2     12.3    10.2
86314005311eae    1      13.9       13.9     34.4     14.4     13.2    25.6
87c8f467c7c03a    1      14.4       14.4     28.7     13.7     16.9     5.9
87e9b2c300283b    1      12.9       12.9     35.8     14.9     14.9     6.7
88098bbb7fe1b9    1   24497.3    24497.3     69.5      3.8      1.7    19.3
883aa7da2fe849    1      26.4       26.4     26.5     20.0     10.2    40.7
8e23b1d640923d    1      18.9       18.9     56.5     11.1     25.1    27.5
9294797e3d8592    1      17.4       17.4     33.2     12.5     15.2    15.1
934ac99d517157    1      19.8       19.8     46.2      9.8     12.5    26.2
93d8a9804a9bfa    1      13.2       13.2     31.1     15.1     15.9     6.3
94bf121a5b840a    1      14.6       14.6     32.1     17.7     12.8    10.9
94e299e4a6b0d4    1      15.2       15.2     31.4     12.7     11.8    13.0
9529876e64e1f3    1      16.2       16.2     20.0     14.6     12.6     4.9
952d9840258afb    1      13.4       13.4     29.3     18.1     13.9     7.7
97438efee95bfc    1      18.4       18.4     57.2     10.5     19.5    32.0
9a555da6f43428    1   11642.0    11642.0     75.8      2.4      1.1    11.5
9aa7ae2c5ed79a    1      20.7       20.7     53.1      9.4     12.0    37.7
9aae53682a9e0c    1      15.1       15.1     49.6     12.8     10.9    26.2
9b700ee3b6ad91    1      37.3       37.3     46.9      5.2     23.4    31.8
9c9c4dd7e1f066    1    4075.7     4075.7      1.9     50.8     19.2    49.9
9dc6ebced87b71    1      14.0       14.0     24.1     13.8     12.8     7.4
9e57ffbc1db401    1      28.7       28.7     33.0     31.0     15.0    46.5
9f35f2a76ac6e2    1      13.2       13.2     34.5     14.6     14.5     4.6
9fe776f0d97ed8    1      21.2       21.2     28.5     22.1      9.1    27.5
a5bd26718987b2    1      20.9       20.9     59.1      9.3      7.9    48.3
a6738d332ff3a8    1      24.8       24.8     26.0     27.9      7.5    28.8
a96abd06f941e1    1      19.6       19.6     46.7      9.8     18.5    26.2
aa11368b126d25    1      13.3       13.3     27.3     14.5     12.4     8.5
ab4398fdb97a15    1      13.0       13.0     30.6     14.8     14.7     6.8
ab9b5da50bebaf    1      12.2       12.2     37.3     15.8     13.4     6.5
adbfcd900bdb58    1      24.0       24.0     33.9     28.1     12.0    37.2
ae703e8d9eeba8    1     122.8      122.8     76.2      1.6     31.2    56.1
ae9069a868053a    1      16.3       16.3     23.6     11.9     17.1    11.8
aef576bb71538f    1      16.4       16.4     41.3     11.7     17.2    25.7
af40fa84ec0335    1      15.9       15.9     50.6     12.1     10.4    31.5
af94de80f360b2    1      12.6       12.6     29.2     15.3     19.0    11.5
b00d02084c5181    1   10393.9    10393.9     55.4      4.2      4.4    21.7
b05f80e444ae1b    1      16.8       16.8     40.5     11.5      9.8    28.3
b09d1d82bcfcf8    1      15.1       15.1     43.0     12.8     17.3    21.3
b0aaa865e82cd7    1      14.6       14.6     27.4     13.3     14.3     6.6
b2463214da67da    1      19.4       19.4     33.9      9.9      8.5    38.8
b348f31a7943ff    1      14.5       14.5     28.3     13.6     16.6     5.2
b8332e3ddc3ba7    1      14.6       14.6     23.0     13.2     18.3     7.2
b8c0a69ab6993d    1      23.1       23.1     18.5      8.3      9.8    37.5
b9a262f944d0ca    1      12.6       12.6     26.1     15.4     13.1    25.6
b9ea650d819a9f    1      14.6       14.6     27.8     13.2     16.8     6.4
bcb2576f37f712    1      80.9       80.9     13.1     76.6     27.5     7.5
bf554871cd5eeb    1     972.9      972.9     79.3      0.2     15.6    46.8
bf99f912999e77    1      12.6       12.6     35.6     15.3     13.0     8.4
bfd7169dff08fe    1      12.5       12.5     37.8     15.8     16.4     4.4
c0173db235c33a    1      22.1       22.1     20.1     14.8      9.4    19.2
c02c016a32582f    1      13.2       13.2     34.6     18.2     15.7     6.6
c29660e996e3b2    1      19.9       19.9     60.8      9.7     18.0    36.7
c52c7b83d22b2b    1      14.1       14.1     27.8     13.8     13.4     3.6
c57459c85c1f35    1      17.9       17.9     23.1     15.0     12.1     6.1
c93685122f6da4    1      19.9       19.9     21.5     15.0     11.4     7.3
cb4d22ff3cc3cc    1    5904.3     5904.3     72.7      2.7      1.9    15.9
cb5e843b3ee955    1      14.3       14.3     28.0     13.5     14.8     4.4
cd4f0d78f5a63e    1      12.8       12.8     35.4     15.0     12.8     9.4
cdaca8fde973e8    1      13.4       13.4     35.1     18.8     15.6     6.6
ce05707d24d924    1      14.5       14.5     27.4     13.4     14.3     4.6
cf7b811510079b    1      16.3       16.3     29.4     11.9     17.5    12.5
d1f4b081c267b1    1      78.5       78.5     68.1      2.5     19.4    56.9
d2f51c1c711aad    1      12.8       12.8     36.1     15.1     12.9     8.3
d40fa1114c9b5a    1      18.8       18.8     22.7     17.2     10.2    15.4
d41f45c2ef5c91    1      14.2       14.2     28.0     13.6     15.8     5.3
d6518ca9300eae    1      13.2       13.2     35.4     17.7     15.7     6.1
d867627e33976e    1      14.5       14.5     27.8     13.3     15.5     5.8
d9920f88cb37d3    1    5330.0     5330.0     81.0      0.0     15.6    47.7
da82e96fa4dc65    1      12.5       12.5     27.3     15.4     13.1     6.9
dbd53f65ffb646    1      46.5       46.5     53.4      4.2     22.6    38.7
dd67d4a51e9cce    1      12.2       12.2     28.9     15.8     17.9     9.8
e0d2c59f6f84de    1  380731.2   380731.2     75.3      2.6      1.6    12.2
e28b86a87bd206    1    1359.7     1359.7     80.6      0.1     17.8    48.5
e3508d937299c5    1      19.7       19.7     30.3     20.9      9.7    19.5
e3bf51848f0c79    1      13.1       13.1     37.2     14.9     13.5    11.9
e47664606b47ee    1      14.4       14.4     27.9     13.4     15.7     5.6
e638610947f6e0    1      70.2       70.2     68.3      2.7     28.3    48.0
e670b8609b7884    1      13.0       13.0     26.3     15.0     13.8    25.8
e6d5d1d2c52453    1      21.1       21.1     24.2     22.9     15.7    20.0
ea1eafe037c1e2    1      14.5       14.5     27.4     13.4     13.1     4.7
eb4b253a9aa771    1      13.1       13.1     31.0     14.7     14.8     8.0
eb7ca9efd0e964    1      13.9       13.9     29.2     13.9     14.5     4.8
ecb0c064efe3a4    1      13.8       13.8     32.2     17.8     13.5     9.7
eda1ee1a6369a2    1      18.5       18.5     56.7     10.4      8.9    44.5
f289d1602c1e3c    1     637.1      637.1     80.2      0.3     17.5    48.5
f53609ca732bca    1      15.4       15.4     34.8     12.5     17.0    10.3
f61c3e2ebc8d68    1      27.3       27.3     17.5     14.8     13.2    32.3
f83de8a9714807    1      13.7       13.7     24.0     14.1     12.1    31.2
f8ef063e91d015    1      15.3       15.3     27.7     12.6     10.8    21.4
f92f0808901c5c    1     369.7      369.7      8.3     93.4     29.4     9.6
fa3a01f22b68f5    1      21.4       21.4     32.4     43.3     18.7    16.6
fbf43a33fd6fdf    1      20.2       20.2     61.8      9.6     26.3    41.9
fcb32f9327a271    1      13.7       13.7     34.3     19.5     16.0     6.8
ff19c572d0d8d7    1      12.3       12.3     37.2     15.7     13.4     7.6

=== MODEL-LEVEL engine time (sum of active_time*exec_count) ===
  gpsimd       =    1241980.3 us  ( 56.0% of summed engine time)
  tensor       =      88963.6 us  (  4.0% of summed engine time)
  vector       =     119632.7 us  (  5.4% of summed engine time)
  scalar       =      53951.4 us  (  2.4% of summed engine time)
  sync         =      30814.9 us  (  1.4% of summed engine time)
  dma          =     337161.1 us  ( 15.2% of summed engine time)
  sw_dyn_dma   =     205803.9 us  (  9.3% of summed engine time)
  hw_dyn_dma   =      44334.3 us  (  2.0% of summed engine time)
  static_dma   =      96195.7 us  (  4.3% of summed engine time)

  weighted total_time across all NEFF executions = 1800543.2 us
